   0.000	  13.474	34
  13.474	   7.551	62
  21.025	   9.495	50
  30.520	  12.887	56
  43.407	   5.283	32
  48.691	   9.328	64
  58.018	   5.021	62
  63.039	  12.215	48
  75.255	  14.453	38
  89.707	   5.306	66
  95.013	  10.414	30
 105.428	   8.812	68
 114.240	   9.221	38
 123.461	   7.217	30
 130.678	   9.958	48
 140.636	   7.309	38
 147.944	   9.596	38
 157.540	   5.215	42
 162.755	  10.565	64
 173.320	   6.859	56
 180.179	  13.599	70
 193.778	   8.327	34
 202.105	  12.112	60
 214.217	   9.221	68
 223.438	  11.703	64
 235.141	  10.876	42
 246.017	  13.462	66
 259.479	  10.890	50
 270.369	   7.427	30
 277.797	   9.143	62
 286.940	  10.488	36
 297.428	  11.745	58
 309.173	   9.390	44
 318.562	  12.784	50
 331.347	   8.933	50
 340.279	   5.296	50
 345.575	  12.034	30
 357.609	  10.932	70
 368.541	   6.703	46
 375.244	  14.821	50
 390.065	  10.396	62
 400.461	   7.322	66
 407.783	  14.525	50
 422.307	   9.591	54
 431.899	  10.480	40
 442.379	   5.057	70
 447.436	  13.205	62
 460.641	  12.405	66
 473.046	  10.187	62
 483.233	   9.261	52
 492.493	  13.700	32
 506.194	   6.998	52
 513.192	   9.849	50
 523.041	   8.461	44
 531.502	  11.235	52
 542.737	   9.581	54
 552.318	   7.296	30
 559.614	  10.845	36
 570.459	  12.984	66
 583.443	  13.164	62
 596.608	  13.417	40
 610.025	   5.832	58
 615.858	   5.146	30
 621.003	   7.496	60
 628.499	  11.248	34
 639.747	   5.695	44
 645.442	  10.274	36
 655.716	   7.729	36
 663.445	   9.547	58
 672.992	   9.738	42
 682.730	   8.866	30
 691.595	   6.880	46
 698.476	  13.998	34
 712.474	   7.091	50
 719.565	  13.170	54
 732.735	   5.179	30
 737.914	  12.188	36
 750.102	  12.046	36
 762.148	  10.447	58
 772.595	  14.756	38
 787.351	  10.166	62
 797.517	  11.485	38
 809.002	  10.758	46
 819.761	  11.309	42
 831.070	   7.986	32
 839.056	  13.755	70
 852.811	  13.585	42
 866.397	  14.393	42
 880.789	   9.162	60
 889.951	   5.085	40
 895.036	   5.379	66
 900.415	  14.622	64
 915.037	   6.715	52
 921.752	  14.738	66
 936.490	  10.089	58
 946.579	   8.469	44
 955.048	  11.742	38
 966.790	   6.941	48
 973.731	  11.660	34
 985.390	   9.998	42
 995.388	  13.716	42
1009.105	   5.181	66
1014.286	   8.277	38
1022.563	  12.827	70
1035.390	   7.130	44
1042.520	  13.377	58
1055.897	   8.438	68
1064.336	  11.871	66
1076.207	  14.855	50
1091.062	  12.255	38
1103.317	   6.697	32
1110.014	   7.130	68
1117.143	  11.002	60
1128.145	   8.681	64
1136.826	   7.912	44
1144.739	  11.040	66
1155.778	  13.873	70
1169.651	  10.512	34
1180.163	   5.391	34
1185.554	  13.662	32
1199.216	  13.285	62
1212.501	  11.152	44
1223.653	   8.780	62
1232.433	   7.237	52
1239.670	   7.667	32
1247.338	  10.644	66
1257.982	   9.578	68
1267.560	  12.870	40
1280.430	   5.124	64
1285.554	   5.917	58
1291.470	  13.851	34
1305.321	   7.396	30
1312.717	   9.210	70
1321.928	   6.674	34
1328.601	  12.440	40
1341.041	  14.108	34
1355.149	  14.703	44
1369.852	   7.940	68
1377.792	   9.770	40
1387.562	  11.521	34
1399.083	   5.105	30
1404.188	   7.955	70
1412.143	   9.498	54
1421.642	   5.630	42
1427.271	  14.698	68
1441.969	   6.114	70
1448.083	  11.178	38
1459.261	  10.429	70
1469.690	  11.618	58
1481.309	  10.416	40
1491.725	   7.464	42
1499.188	   7.808	32
1506.996	   9.479	70
1516.475	  11.435	56
1527.910	   8.905	68
1536.815	   8.272	42
1545.087	  13.471	42
1558.558	   8.028	66
1566.587	  10.442	44
1577.029	  10.960	54
1587.988	   5.204	40
1593.192	   5.723	40
1598.915	   5.709	52
1604.625	  11.354	32
1615.978	  12.922	42
1628.900	  13.626	50
1642.527	  10.014	36
1652.541	   5.771	62
1658.312	   6.732	68
1665.045	  14.849	62
1679.894	   8.198	64
1688.091	  10.144	34
1698.235	   7.935	68
1706.170	   6.417	66
1712.587	   5.318	68
1717.904	  14.031	42
1731.935	  14.072	62
1746.007	  12.462	64
1758.469	   6.782	58
1765.250	   6.579	48
1771.829	  11.678	60
1783.507	   5.644	40
1789.151	  13.083	70
1802.233	  10.414	52
1812.647	   9.533	64
1822.180	   8.387	46
1830.567	   5.244	40
1835.811	   9.167	56
1844.978	   5.623	52
1850.601	   6.383	44
1856.984	   7.591	34
1864.575	   8.978	64
1873.553	  11.124	46
1884.678	   5.075	38
1889.752	  10.009	52
1899.761	   9.383	56
1909.145	  12.314	58
1921.459	   9.951	40
1931.409	   7.251	50
1938.660	  10.604	46
1949.264	  14.177	68
1963.441	  11.464	40
1974.905	   5.716	32
1980.621	  13.774	50
1994.395	  12.660	36
