   0.000	  13.014	68
  13.014	  10.237	34
  23.251	  14.925	54
  38.176	  12.029	62
  50.205	   8.616	60
  58.821	  11.435	68
  70.256	   9.646	46
  79.901	  10.321	70
  90.223	   6.484	36
  96.706	  10.628	58
 107.334	   6.846	68
 114.180	  12.280	46
 126.460	   5.992	32
 132.452	   7.657	52
 140.109	   7.617	34
 147.726	  10.264	56
 157.990	   5.728	32
 163.718	  11.432	64
 175.150	  13.618	36
 188.769	   8.681	30
 197.450	  12.103	64
 209.553	  13.913	40
 223.465	  13.655	54
 237.120	   9.254	66
 246.375	  10.445	58
 256.820	  12.982	68
 269.801	  13.140	60
 282.941	   7.566	70
 290.507	  12.468	38
 302.975	  10.143	62
 313.118	   9.037	50
 322.155	  12.962	66
 335.117	   5.401	54
 340.519	   9.585	64
 350.103	   7.994	36
 358.097	   5.055	58
 363.152	   8.027	34
 371.178	  12.469	66
 383.647	  10.430	70
 394.077	  10.514	54
 404.591	  10.420	52
 415.011	  14.534	64
 429.545	  11.300	46
 440.845	   8.019	42
 448.864	  10.863	50
 459.727	  14.766	52
 474.492	  11.367	36
 485.859	  12.361	70
 498.220	   8.684	52
 506.904	  14.365	46
 521.269	  11.697	66
 532.966	  14.252	66
 547.218	   8.834	64
 556.052	  12.959	48
 569.011	  12.494	44
 581.504	   8.365	50
 589.870	   6.165	48
 596.035	   9.152	44
 605.187	   6.721	30
 611.908	  13.579	40
 625.487	   7.871	54
 633.358	   7.579	70
 640.937	  12.395	50
 653.332	   9.335	58
 662.667	   9.858	62
 672.525	   9.914	60
 682.439	  12.162	70
 694.601	   6.295	32
 700.896	   7.292	70
 708.188	   7.532	30
 715.720	  14.522	50
 730.242	  12.235	46
 742.477	   5.892	64
 748.368	  14.958	54
 763.326	  10.345	52
 773.671	  14.461	44
 788.132	   6.032	70
 794.164	   9.196	52
 803.360	   6.186	58
 809.547	   7.788	40
 817.334	  12.933	50
 830.267	  12.864	66
 843.131	   5.872	58
 849.003	  11.687	46
 860.690	  10.078	42
 870.768	   6.162	68
 876.930	   6.058	64
 882.988	  14.054	46
 897.042	  10.207	38
 907.250	  13.879	46
 921.129	   7.886	70
 929.015	  13.950	50
 942.965	   7.146	52
 950.111	   8.371	60
 958.482	   5.086	50
 963.568	  11.573	70
 975.141	  14.687	68
 989.827	  10.405	40
1000.233	  12.599	48
1012.831	   7.286	64
1020.117	  12.063	40
1032.180	   6.302	46
1038.482	  10.608	38
1049.090	  14.601	54
1063.691	  11.090	52
1074.781	   9.138	36
1083.919	  11.954	40
1095.873	   7.144	40
1103.017	   9.705	44
1112.722	  11.057	44
1123.780	  13.799	36
1137.579	  10.348	58
1147.926	   8.260	32
1156.187	  11.451	58
1167.637	  13.915	64
1181.552	   9.937	42
1191.490	   6.279	42
1197.769	   7.565	34
1205.333	  10.388	32
1215.722	  10.631	58
1226.352	   7.262	58
1233.615	  10.676	38
1244.291	   9.223	66
1253.513	   5.201	30
1258.714	  11.154	42
1269.868	   7.245	32
1277.113	  14.850	58
1291.963	  11.011	44
1302.974	   5.231	50
1308.205	   6.394	42
1314.600	  12.700	40
1327.299	   5.410	58
1332.710	  12.249	32
1344.959	   8.170	34
1353.129	   5.498	40
1358.627	   6.390	30
1365.017	  14.337	46
1379.354	   7.421	56
1386.775	   7.736	58
1394.511	   8.218	50
1402.729	   8.524	68
1411.253	  11.412	62
1422.665	  11.062	64
1433.727	   9.052	66
1442.778	  11.206	58
1453.985	  10.644	52
1464.629	   8.938	52
1473.567	  11.327	66
1484.894	   5.539	52
1490.433	   6.751	50
1497.185	   9.346	38
1506.531	   7.504	52
1514.035	  10.301	40
1524.337	   9.033	48
1533.369	   8.735	34
1542.104	  10.442	56
1552.546	  13.438	52
1565.984	  11.846	60
1577.830	   8.081	30
1585.912	   6.558	58
1592.469	   6.419	68
1598.889	   7.163	66
1606.051	  13.482	64
1619.534	  13.886	44
1633.419	  13.491	36
1646.911	   9.397	46
1656.308	  11.010	34
1667.318	  11.669	40
1678.987	  11.037	62
1690.023	  14.523	30
1704.547	  11.429	68
1715.976	  10.619	44
1726.595	   9.595	66
1736.191	  10.986	62
1747.176	  14.335	46
1761.511	  11.058	46
1772.569	   9.708	32
1782.277	  12.041	30
1794.318	   5.421	30
1799.739	   6.396	34
1806.135	   8.563	50
1814.697	  14.836	40
1829.534	  11.549	68
1841.082	  13.197	62
1854.279	  13.083	40
1867.362	  10.624	40
1877.986	   6.587	44
1884.572	  14.163	62
1898.736	  13.798	42
1912.533	  11.576	44
1924.109	  12.721	70
1936.830	   9.349	32
1946.178	   7.939	44
1954.118	   9.410	64
1963.528	  11.349	58
1974.877	   5.560	50
1980.438	  13.914	58
1994.351	  11.427	36
