0
0
0
0
0
0
0
0
0
0
0
0
0
0
0
0
0
0
0
0
0
0
0
0
0
0
0
0
0
0
0
0
0
0
0
0
0
0
0
0
0
0
1
0
0
0
0
0
0
0
0
0
0
0
0
0
0
0
0
0
0
0
0
0
0
0
0
0
0
0
0
0
0
0
0
0
0
0
0
0
0
0
0
0
20480
-19085
-14211
26691
17043
31006
18541
-1662
26570
-20461
-15363
31136
-19308
17556
-32055
6364
-29069
11050
-5096
-14472
3430
19005
25630
27580
-26242
-19501
-9825
4303
-30823
-20661
11395
26161
-27424
18190
22061
16909
-23275
-13196
-15203
15036
-3128
2666
-22082
-10731
-771
-21107
6252
16251
-16923
-16690
-22277
-4161
-28000
-5176
1892
13369
-7621
-16791
15701
3264
-415
-11372
-15674
27230
6250
-26933
24540
29415
-3660
1832
-19658
4042
-1650
-28649
-16415
-18227
-8435
3751
16035
7565
14737
-19871
-29099
2783
-12576
-30988
1897
-21625
10765
6704
9971
3534
-21856
-8162
32184
-22034
-4181
-21215
-28632
32615
-31038
-9091
-9150
16814
4873
32686
